68.690002
68.75
68.68
68.989998
69.529999
68.599998
68.949997
69.889999
69.300003
70.300003
71.32
70.639999
70.830002
70.25
71.010002
70.440002
71.239998
71.059998
71.32
71.480003
71.029999
70.550003
71.559998
71.43
72.360001
73.290001
73.25
73.580002
73.650002
71.860001
72.019997
72.440002
72.610001
73.230003
72.480003
73.089996
73.029999
73.739998
73.760002
73.660004
73.5
73.489998
72.949997
73.339996
74.970001
74.220001
74.940002
74.650002
74.589996
75.5
75.010002
74.150002
74.160004
74.629997
74.620003
73.82
74.360001
73.449997
72.720001
73.129997
71.760002
71.589996
71.860001
71.080002
71.470001
71.980003
72.57
72
72.589996
72.769997
72.639999
73.290001
73.120003
71.900002
70.010002
69.599998
68.419998
68.910004
69.610001
70.419998
70.709999
70.870003
70.660004
70.720001
70.720001
71.059998
71.230003
72.300003
73.480003
73.650002
73.709999
73.470001
72.879997
72.650002
72.57
72.860001
72.699997
72.709999
72.230003
71.800003
71.32
71.120003
71.610001
71.980003
72.730003
72.480003
73.279999
73.730003
73.720001
73.419998
73.209999
73.779999
73.620003
73.339996
72.839996
72.900002
74.730003
74.25
74.739998
75.419998
75.129997
74.290001
73.449997
72.589996
72.980003
74.690002
74.610001
74.93
75.919998
75.760002
76.07
76.459999
76.18
76.199997
75.300003
75.199997
76.699997
76.110001
76.449997
76.739998
76.370003
76.440002
76.68
77.080002
76.709999
76.720001
75.959999
75.779999
75.739998
75.349998
73.839996
72.959999
73.959999
74.949997
75.190002
73.860001
73.980003
75.239998
75.019997
75.300003
77.760002
78.120003
78.099998
78.879997
79.160004
79.110001
78.870003
77.550003
77.25
78.400002
77
77.910004
76.889999
77.25
77.790001
78.040001
78.849998
78.860001
79.160004
78.440002
78.510002
78.300003
79.169998
79.709999
79.529999
79.279999
78.620003
79.120003
79.209999
78.529999
78.050003
77.959999
78.790001
78.370003
78.010002
77.540001
76.629997
76.839996
76.93
76.690002